FUELS <- list(NF=.NF,
              WA=.WA,
              C1=.C1,
              C2=.C2,
              C3=.C3,
              C4=.C4,
              C5=.C5,
              C6=.C6,
              C7=.C7,
              D1=.D1,
              M1=.M1,
              M2=.M2,
              M3=.M3,
              M4=.M4,
              S1=.S1,
              S2=.S2,
              S3=.S3,
              O1A=.O1A,
              O1B=.O1B)
